20
4 right
0 0 2 4
0 0 4 8
0 2 16 32
0 2 2 16
4 up
0 0 2 4
0 0 4 8
0 2 16 32
0 0 4 16
4 up
0 0 0 0
0 0 0 0
0 0 0 0
0 0 0 0
4 down
2 2 2 2
2 2 2 2
2 2 2 2
2 2 2 2
4 left
2 2 2 2
2 2 2 2
2 2 2 2
2 2 2 2
4 right
2 2 2 2
2 2 2 2
2 2 2 2
2 2 2 2
4 up
2 2 2 2
2 2 2 2
2 2 2 2
2 2 2 2
4 left
2 2 4 4
2 2 4 4
2 2 4 4
2 2 4 4
4 down
1024 1024 1024 1024
1024 1024 1024 1024
1024 1024 1024 1024
1024 1024 1024 1024
4 left
1024 1024 1024 1024
1024 1024 1024 1024
1024 1024 1024 1024
1024 1024 1024 1024
4 right
1024 1024 1024 1024
1024 1024 1024 1024
1024 1024 1024 1024
1024 1024 1024 1024
4 up
1024 1024 1024 1024
1024 1024 1024 1024
1024 1024 1024 1024
1024 1024 1024 1024
4 left
0 0 0 1024
0 0 0 0
0 0 0 0
0 0 2 2
4 down
4 32 8 0
0 2 0 0
0 0 16 0
256 2 0 0
4 down
0 4 512 128
0 32 2 0
0 2 0 0
0 0 2 2
4 left
0 0 0 0
0 0 0 0
2 0 0 0
0 0 2 0
4 left
4 2 128 64
0 32 512 64
64 0 2 128
0 64 0 1024
4 up
256 4 4 0
16 64 16 0
2 4 16 64
4 2 512 1024
4 left
4 0 1024 2
4 2 0 2
4 4 4 512
4 2 2 0
4 left
4 4 2 2
4 32 2 2
0 2 4 0
1024 4 32 2
