20
4 right

0 0 2 4
0 0 4 8
0 2 16 32
0 2 2 16

4 up
0 0 2 4
0 0 4 8
0 2 16 32
0 0 4 16
4 up
0 0 0 0
0 0 0 0
0 0 0 0
0 0 0 0
4 down
2 2 2 2
2 2 2 2
2 2 2 2
2 2 2 2
4 left
2 2 2 2
2 2 2 2
2 2 2 2
2 2 2 2
4 right
2 2 2 2
2 2 2 2
2 2 2 2
2 2 2 2
4 up
2 2 2 2
2 2 2 2
2 2 2 2
2 2 2 2
4 left
2 2 4 4
2 2 4 4
2 2 4 4
2 2 4 4
4 down
1024 1024 1024 1024
1024 1024 1024 1024
1024 1024 1024 1024
1024 1024 1024 1024
4 left
1024 1024 1024 1024
1024 1024 1024 1024
1024 1024 1024 1024
1024 1024 1024 1024
4 right
1024 1024 1024 1024
1024 1024 1024 1024
1024 1024 1024 1024
1024 1024 1024 1024
4 up
1024 1024 1024 1024
1024 1024 1024 1024
1024 1024 1024 1024
1024 1024 1024 1024
4 right
0 0 256 0
0 0 0 2
0 0 0 0
8 0 128 0
4 down
2 0 0 0
0 0 0 256
0 2 2 0
0 512 16 4
4 right
0 0 0 0
0 0 0 0
128 0 0 0
2 4 0 2
4 down
0 4 0 0
0 4 0 0
0 0 0 0
0 0 0 0
4 down
4 16 0 0
4 2 4 128
4 2 128 64
0 32 0 0
4 left
4 2 1024 4
256 256 16 2
1024 8 256 8
4 32 1024 16
4 left
4 4 4 0
0 2 2 128
2 0 4 0
4 0 0 4
4 down
128 2 2 4
2 2 0 2
256 64 2 0
2 128 4 2
