486
450
675
1103
1793
639
125
113
560
245
1758
71
990
383
1545
377
300
165
11
753
650
169
419
496
742
1067
849
419
433
453
1176
215
137
548
72
1431
41
857
1794
369
71
670
488
267
516
698
761
1103
554
624
224
516
85
1339
560
23
1184
1318
1003
1171
1447
1636
755
559
287
148
1990
322
1272
1171
488
356
559
931
1044
1109
887
548
548
653
49
268
294
952
31
54
850
870
820
650
488
734
446
54
303
1184
752
1061
783
559
889
23
807
1064
1121
870
560
855
208
807
1198
855
675
1057
887
339
559
408
251
243
929
1339
462
2030
1545
752
945
383
1125
343
1021
570
322
1339
494
56
772
347
1449
1019
884
753
486
735
369
676
931
1015
850
1103
706
1083
682
669
543
437
755
686
676
1083
1794
1267
1052
1064
870
204
866
23
1184
165
357
831
548
1044
110
929
434
688
224
698
386
169
1793
686
299
113
62
188
614
590
760
208
775
633
1105
467
548
1184
341
402
1103
450
451
913
845
616
500
772
1378
322
369
587
1378
849
1184
125
1995
624
54
231
1254
1636
1125
884
648
1466
384
1447
689
294
760
1020
484
776
31
467
563
845
1267
1201
967
238
1417
1184
799
184
820
408
481
247
616
206
1662
1003
682
750
1202
453
1109
165
63
553
1202
1447
231
930
553
1431
192
930
129
701
855
630
1263
1067
836
357
845
933
192
438
766
676
548
239
451
202
1263
1083
188
469
299
1105
772
1202
752
215
952
776
137
294
369
563
586
899
238
313
808
72
553
479
649
952
975
1083
808
549
1704
1028
62
1318
772
1636
54
343
434
648
1020
377
1607
356
652
913
1388
734
1028
750
1223
1688
408
399
438
975
820
642
267
1094
755
857
845
750
954
1447
975
163
450
776
74
952
1133
967
339
377
866
734
79
599
706
807
1061
268
369
355
1449
1758
797
526
1043
1582
1184
857
507
972
563
776
247
231
672
1212
72
110
1636
208
651
526
204
686
1562
165
1662
1449
1028
1375
1582
415
268
1367
554
1069
945
444
735
253
1019
1254
383
408
446
931
1267
1415
742
849
933
169
734
643
163
1015
1184
356
206
31
1388
1794
913
1275
215
1416
1014
672
826
386
49
1157
675
757
63
88
446
287
23
1202
231
761
682
41
601
836
526
243
1061
148
18
887
1069
1339
408
871
339
1176
11
759
54
1263
120
1064
548
701
1202
1704
657
202
831
479
3
1067
389
1545
268
1793
653
486
438
553
165
192
601
698
1143
659
1793
361
148
239
1304
553
23
682
1201
776
1061
1005
990
1223
772
866
1109
1069
930
243
1473
1029
1860
494
245
1689
1157
905
206
1689
884
389
952
870
294
1331
23
484
479
989
163
548
659
1132
624
399
985
486
1064
1468
835
1223
299
776
651
1375
13
1086
617
204
653
389
706
1263
85
826
294
163
346
1995
1184
1995
1021
434
772
437
120
1272
516
110
415
1318
1206
836
775
672
1067
885
1860
1688
98
215
757
884
488
696
836
79
1128
543
448
1368
599
975
386
820
267
1015
524
676
341
245
698
1012
1015
438
985
1582
734
1198
870
1184
467
1121
1745
129
1132
1064
1003
245
446
23
72
1995
23
624
257
682
633
481
757
467
1378
357
81
742
1636
758
1125
870
1995
0
1502
202
303
1007
329
952
357
1688
972
517
563
110
642
377
169
524
72
1103
1028
1860
752
1794
917
1318
783
408
85
437
820
81
785
1794
871
549
488
1758
402
100
752
785
313
339
527
462
1388
836
1339
206
450
1133
267
689
750
402
251
772
757
231
641
268
1043
496
1212
1125
742
527
836
527
346
1793
952
488
952
23
696
889
245
755
1132
1502
1121
686
1416
1128
1449
1607
1109
215
1745
675
586
831
453
1438
11
446
929
386
251
299
820
617
772
1184
377
586
826
98
231
341
419
648
