55 32 40 30 24 15 55 03
Total : 254 31.75
69 44 30 51 04 16 28 54
Total : 296 37
57 64 47 29 24 45 52 0
Total : 318 39.75
47 58 52 29 42 26 44 45
Total : 343 42.875
66 30 45 18 02 06 41 31
Total : 239 29.875
52 50 33 32 26 03 20 31
Total : 247 30.875
40 34 40 19 10 09 22 28
Total : 202 25.25
55 48 35 52 32 13 2255
1
Total : 2491 311.375
55 48 35 52 32 13 22 55
Total : 312 39
62 37 48 51 61 54 60 59
Total : 432 54
65 66 57 49 41 42 61 29
Total : 410 51.25
56 55 44 34 20 20 50 50
Total : 329 41.125
54 44 41 47 40 40 52 40
Total : 358 44.75
47 21 45 16 22 02 40 49
Total : 242 30.25
66 61 59 50 62 68 66 59
Total : 491 61.375
59 63 44 25 12 40 46 12
Total : 301 37.625
46 16 36 12 05 00 42 45
Total : 202 25.25
53 38 40 27 22 21 48 40
Total : 289 36.125
38 25 24 35 43 08 26 09
Total : 208 26
48 36 36 19 11 05 50 51
Total : 256 32
44 29 33 12 11 00 02 41
Total : 172 21.5
48 62 59 22 15 05 51 22
Total : 284 35.5
49 37 32 18 20 07 40 44
Total : 247 30.875
51 14 32 24 00 00 00 40
Total : 161 20.125
46 04 29 20 15 05 25 00
Total : 144 18
49 33 45 24 45 40 45 40
Total : 321 40.125
50 40 32 23 30 40 46 40
Total : 301 37.625
56 33 40 36 32 40 49 40
Total : 326 40.75
62 43 41 22 58 19 43 46
Total : 334 41.75
50 33 56 26 28 30 52 43
Total : 318 39.75
58 46 42 23 07 20 49 21
Total : 266 33.25
48 15 35 20 32 30 40 11
Total : 231 28.875
57 51 5
0 0 0 0
 0
Total : 113 14.125
57 51 54 26 23 25 53 27
Total : 316 39.5
57 51 5
